1.0	103	44.5	已评分
1.0	101	44.0	已评分
1.0	102	37.0	已评分
1.0	104	33.5
1.0	105	21.0
1.0	106	18.0
1.0	107	10.5
2.0	103	49.0	已评分
2.0	101	45.5	已评分
2.0	102	40.0	已评分
2.0	104	36.0	已评分
2.0	105	23.0
2.0	106	20.5
2.0	107	11.5
3.0	101	40.0	已评分
3.0	104	38.0	已评分
3.0	105	35.5	已评分
3.0	103	34.0
3.0	102	28.0
3.0	107	25.0	已评分
3.0	106	16.5
4.0	101	63.0	已评分
4.0	103	56.5	已评分
4.0	104	55.0	已评分
4.0	102	40.0
4.0	106	33.0	已评分
4.0	105	29.0
4.0	107	12.5
5.0	101	68.0	已评分
5.0	103	65.0	已评分
5.0	104	59.0	已评分
5.0	102	51.0	已评分
5.0	105	40.5	已评分
5.0	106	34.5	已评分
5.0	107	20.0
6.0	103	37.0	已评分
6.0	102	35.0	已评分
6.0	101	31.0
6.0	105	30.5	已评分
6.0	104	25.0
6.0	107	21.0	已评分
6.0	106	11.5
